c:/picoscope_experiments/V_inputBuffer1_raw.csv
0,0.1,PS5000A_200MV,PS5000A_200MV,TIMEBASE_16NS,62500
2
c:/potentiostat/squidstatcalibrator/bin/debug/squidstatcalibrator.exe v2 0 ac_cal_mode 4 x
1995262.315
1778279.41
1584893.192
1412537.545
1258925.412
1122018.454
1000000
891250.9381
794328.2347
707945.7844
630957.3445
562341.3252
501187.2336
446683.5922
398107.1706
354813.3892
316227.766
281838.2931
251188.6432
223872.1139
199526.2315
177827.941
158489.3192
141253.7545
125892.5412
112201.8454