c:/picoscope_experiments/V_inputBuffer2_raw.csv
0,0.1,PS5000A_200MV,PS5000A_200MV,TIMEBASE_16NS,62500
2
c:/potentiostat/squidstatcalibrator/bin/debug/squidstatcalibrator.exe v2 0 ac_cal_mode 4 x
100000
89125.09381
79432.82347
70794.57844
63095.73445
56234.13252
50118.72336
44668.35922
39810.71706
35481.33892
31622.7766
28183.82931
25118.86432
22387.21139
19952.62315
17782.7941
15848.93192
14125.37545
12589.25412
11220.18454
10000
8912.509381
7943.282347
7079.457844
6309.573445
5623.413252
5011.872336
4466.835922
3981.071706
3548.133892
3162.27766
2818.382931
2511.886432
2238.721139
1995.262315
1778.27941
1584.893192
1412.537545
1258.925412
1122.018454
1000
891.2509381
794.3282347
707.9457844
630.9573445
562.3413252
501.1872336
446.6835922
398.1071706
354.8133892
316.227766
281.8382931
251.1886432
223.8721139
199.5262315
177.827941
158.4893192
141.2537545
125.8925412
112.2018454
100